92
87
86
84
83
83
82
84
84
83
82
82
85
89
84
83
82
85
95
86
86
85
83
83
84
88
88
83
84
83
​ 83
83
84
82
83
82
87
86
85
86
85
88
84
84
89
84
83
84
88
88
84
89
88
83
86
85
85
87
84
86
86
84
​ 84
85
84
82
89
82
88
83
83
84
95
89
94
87
85
85
87
87
83
85
​ 85
​ 83
84
83
82
84
83
83
91
87
85
​ 85
85
85
85
94
83
​ 87
86
84
85
​ 86
​ 84
84
85
94
95
86
86
87
86
​ 89
86
88
88
89
85
​ 88
​ 91
89
88
91
​ 88
​ 86
91
88
88
94
​ 86
94
91
85
85
86
​ 85
85
89
85
​ 89
​ 83
83
85
95
91
​ 86
​ 85
85
83
86
86
94
87
86
87
​ 87
​ 83
83
86
83
​ 85
​ 92
94
86
86
​ 92
91
90
86
85
86
​ 87
​ 94
88
94
85
​ 85
​ 85
84
86
86
​ 86
​ 86
85
86
97
88
​ 85
85
85
85
86
86
85
84
88
84
​ 91
​ 86
85
86
88
​ 88
​ 86
85
86
85
95
85
​ 85
85
94
91
​ 84
​ 92
94
89
88
​ 88
​ 86
91
88
89
​ 89
​ 89
86
88
92
86
​ 85
94
86
86
91
86
86
86
88
86
​ 88
​ 85
86
86
86
​ 86
​ 86
86
83
85
85
​ 92
​ 89
88
88
86
86
86
86
86
87
86
85
87
86
85
85
86
87
92
86
88
89
89
88
91
88
86
86
83
87
85
97
86
95
88
85
86
95
95
91
91
86
89
97
​ 97
89
88
86
85
86
86
86
86
85
86
88
88
86
86
85
88
86
88
86
86
83
86
86
86
86
86
84
86


