74
74
75
74
73
73
73
74
73
74
73
73
73
73
73
73
73
73
76
75
74
73
73
74
74
74
73
72
73
73
72
73
73
73
73
73
75
74
74
75
74
73
73
73
73
74
74
74
73
73
73
75
73
73
75
74
75
74
74
77
74
75
74
74
74
73
74
73
74
74
74
73
78
76
75
74
74
74
73
74
74
74
74
73
73
74
73
74
73
72
82
75
74
75
75
75
74
75
73
73
73
73
73
73
73
72
73
73
75
74
74
73
74
73
73
73
73
74
74
75
73
73
72
73
73
73
76
75
74
74
74
74
74
74
78
76
74
74
74
73
74
73
73
79
76
73
76
76
73
73
74
74
73
75
75
74
73
73
73
73
73
76
74
75%
74
73
74
73
73
73
73
73
76
74
73
74
73
73
74
79
74
75
74
74
74
74
74
74
73
74
75
74
74
73
75
74
74
76
76
78
75
76
77
76
74
76
74
73
74
75
75
74
75
73
73
76
74
72
73
73
73
73
72
74
73
74
72
73
74
73
73
74
73
74
74
73
74
73
74
73
74
74
74
75
74
74
73
73
74
75
74
74
75
75
75
75
74
74
74
74
75
73
75
74
74
74
74
74
74
75
75
75
75
74
73
74
73
75
73
75
74
75
74
74
74
73
75
76
75
74
75
75
74
74
74
75
75
75
74
74
73
75
74
75
74
74
75
74
74
74
75
75
73
73
74
74
73
73
73
73
73
75
75
74
75
74
76
76
74
76
75
75
75
76
75
75
74
75
74
73
74
73
74
74
75
75
74
75
75
75
74
75
75
74
74
75
74
74
74
75
