76
77
74
73
75
73
73
73
74
74
74
72
73
74
72
73
72
74
75
74
75
74
73
74
74
72
72
74
72
74
74
73
73
73
74
73
80
73
74
75
74
74
75
74
74
74
73
73
73
73
75
73
73
73
78
73
75
74
74
75
74
74
74
74
74
74
73
73
73
73
72
73
80
75
74
75
74
74
76
75
73
73
74
76
73
72
74
73
75
73
79
74
75
73
74
75
76
75
73
74
73
74
73
73
74
74
73
73
79
73
75
74
74
74
74
75
73
75
74
75
75
74
74
73
73
75
79
76
77
77
76
75
76
75
74
76
75
73
74
73
74
73
74
74
75
74
74
77
81
73
73
72
73
73
74
76
73
74
74
74
74
78
76
85
78
75
76
75
74
75
76
74
73
75
76
74
74
78
74
74
74
73
74
73
73
74
74
74
74
73
74
74
74
74
74
74
74
73
73
73
76
74
74
74
73
73
73
73
73
74
73
74
74
73
74
73
73
73
75
74
74
74
76
76
76
77
74
74
75
73
73
73
75
73
74
74
75
74
74
75
75
75
74
74
74
74
74
74
75
74
74
75
74
73
74
73
74
74
77
81
76
74
78
74
75
74
75
76
75
76
74
77
76
75
76
75
75
75
76
76
76
75
75
74
74
74
75
75
75
75
74
75
76
76
75
76
75
74
74
74
74
75
75
74
74
75
74
75
75
76
76
74
76
74
75
75
74
75
75
76
75
75
75
74
75
74
77
