86
94
85
84
84
​ 84
82
85
84
82
84
84
89
88
84
​ 88
​ 82
82
88
87
​ 85
​ 84
85
85
85
​ 92
​ 83
82
83
84
​ 84
​ 84
82
85
88
84
​ 91
​ 88
92
88
86
85
84
85
84
84
84
​ 91
83
82
88
83
​ 83
84
86
87
94
86
87
85
86
86
90
84
85
83
​ 83
​ 89
84
83
89
84
91
97
94
88
​ 85
​ 94
91
86
89
​ 85
​ 85
85
92
88
82
84
​ 86
​ 89
92
89
88
​ 90
​ 88
87
85
86
86
​ 83
​ 85
85
84
85
85
83
83
83
92
​ 85
​ 97
86
87
85
85
84
86
85
86
84
​ 87
94
85
86
85
​ 83
92
88
97
​ 89
​ 86
92
87
85
85
​ 95
​ 88
86
85
85
85
85
84
84
89
86
87
86
86
86
​ 94
​ 89
92
91
91
​ 86
​ 85
85
85
84
​ 88
​ 85
88
89
86
85
85
85
86
85
87
​ 85
​ 85
86
85
95
​ 87
​ 85
85
85
88
​ 85
​ 88
86
88
86
​ 85
​ 85
94
86
84
​ 95
​ 85
88
92
89
86
85
89
86
88
88
​ 86
​ 86
86
85
97
​ 86
​ 86
88
86
85
​ 86
​ 85
87
86
89
​ 87
​ 88
94
90
89
86
​ 86
​ 86
86
85
86
​ 89
​ 85
95
84
94
85
88
85
86
85
​ 86
​ 88
88
85
92
87
​ 86
​ 97
85
85
85
​ 83
84
86
88
86
​ 94
​ 86
88
86
88
​ 85
​ 85
85
85
94
86
86
86
95
86
85
​ 90
​ 94
94
89
85
​ 89
​ 86
86
85
85
​ 94
​ 89
87
87
95
87
​ 85
94
92
91
94
​ 88
​ 86
86
88
87
​ 86
​ 86
85
85
86
86
88
94
89
86
​ 92
​ 90
88
88
85
​ 85
​ 85
85
85
86
85
86
97
83
85
87
85
86



